0	0	56
0	90	56
0	90	60
0	180	60
0	180	70
0	360	70
0	360	64
0	540	64
0	540	75
0	720	75
0	720	68
0	900	68
0	900	72
0	1080	72
0	1080	65
0	1200	65
0	1200	75
0	1260	75
0	1260	68
0	1440	68
0	1440	72
0	1500	72
0	1500	66
0	1680	66
0	1680	75
0	1800	75
0	1800	71
0	1860	71
0	1860	69
0	2040	69
0	2040	70
0	2100	70
0	2100	68
0	2280	68
0	2280	74
0	2400	74
0	2400	60
0	2580	60
0	2580	78
0	2700	78
0	2700	72
0	2880	72
0	2880	80
0	3000	80
0	3000	75
0	3060	75
0	3060	66
0	3240	66
0	3240	73
0	3300	73
0	3300	40
0	3600	30
1	0	3600	Workout	False	False
1	0	90	Endurance 1	False	False
1	90	180	Endurance 2	False	False
1	180	360	Endurance 3	False	False
1	360	540	Endurance 4	False	False
1	540	720	Endurance 5	False	False
1	720	900	Endurance 6	False	False
1	900	1080	Endurance 7	False	False
1	1080	1200	Endurance 8	False	False
1	1200	1260	Endurance 9	False	False
1	1260	1440	Endurance 10	False	False
1	1440	1500	Endurance 11	False	False
1	1500	1680	Endurance 12	False	False
1	1680	1800	Endurance 13	False	False
1	1800	1860	Endurance 14	False	False
1	1860	2040	Endurance 15	False	False
1	2040	2100	Endurance 16	False	False
1	2100	2280	Endurance 17	False	False
1	2280	2400	Endurance 18	False	False
1	2400	2580	Endurance 19	False	False
1	2580	2700	Tempo 1	False	False
1	2700	2880	Endurance 20	False	False
1	2880	3000	Tempo 2	False	False
1	3000	3060	Endurance 21	False	False
1	3060	3240	Endurance 22	False	False
1	3240	3300	Endurance 23	False	False
1	3300	3600	Fake	False	True
2	0	67	86	75	14	0	75	0	0	null	null	null	0	2026-07-22T15:15:21Z
2	1	68	86	75	14	0	75	0	0	null	null	null	0	2026-07-22T15:15:22Z
2	2	68	86	56	12	0	75	0	0	null	null	null	0	2026-07-22T15:15:23Z
2	3	68	86	37	11	0	75	0	0	null	null	null	0	2026-07-22T15:15:24Z
2	4	34	86	37	9	0	75	0	0	null	null	null	0	2026-07-22T15:15:25Z
2	5	34	86	37	7	0	75	0	0	null	null	null	0	2026-07-22T15:15:26Z
2	6	34	86	37	7	0	75	0	0	null	null	null	0	2026-07-22T15:15:27Z
2	7	34	85	47	4	0	75	0	0	null	null	null	0	2026-07-22T15:15:28Z
2	8	0	85	33	5	0	75	0	0	null	null	null	0	2026-07-22T15:15:29Z
2	9	0	85	33	5	0	75	0	0	null	null	null	0	2026-07-22T15:15:30Z
2	10	0	85	11	4	0	75	0	0	null	null	null	0	2026-07-22T15:15:31Z
2	11	0	86	11	4	0	75	0	0	null	null	null	0	2026-07-22T15:15:32Z
2	12	0	86	10	4	0	75	0	0	null	null	null	0	2026-07-22T15:15:33Z
2	13	53	95	43	9.3	0	75	0	0	null	null	null	0	2026-07-22T15:15:49Z
2	14	69	95	57	9.3	0	75	0	0	null	null	null	0	2026-07-22T15:15:50Z
2	15	68	95	67	9.3	0	75	0	0	null	null	null	0	2026-07-22T15:15:51Z
2	16	70	96	73	9.3	0	75	0	0	null	null	null	0	2026-07-22T15:15:52Z
2	17	71	96	75	9.3	0	75	0	0	null	null	null	0	2026-07-22T15:15:53Z
2	18	71	97	74	9.3	0	75	0	0	null	null	null	0	2026-07-22T15:15:54Z
2	19	71	98	74	9.3	0	75	0	0	null	null	null	0	2026-07-22T15:15:55Z
2	20	71	98	75	9.3	0	75	0	0	null	null	null	0	2026-07-22T15:15:56Z
2	21	71	98	74	9.3	0	75	0	0	null	null	null	0	2026-07-22T15:15:57Z
2	22	71	97	74	9.3	0	75	0	0	null	null	null	0	2026-07-22T15:15:58Z
2	23	70	97	74	9.3	0	75	0	0	null	null	null	0	2026-07-22T15:15:59Z
2	24	71	96	74	9.3	0	75	0	0	null	null	null	0	2026-07-22T15:16:00Z
2	25	70	95	74	9.3	0	75	0	0	null	null	null	0	2026-07-22T15:16:01Z
2	26	70	95	74	9.3	0	75	0	0	null	null	null	0	2026-07-22T15:16:02Z
2	27	69	94	75	9.3	0	75	0	0	null	null	null	0	2026-07-22T15:16:03Z
2	28	70	94	76	9.3	0	75	0	0	null	null	null	0	2026-07-22T15:16:04Z
2	29	71	94	74	15	0	75	0	0	null	null	null	0	2026-07-22T15:16:05Z
2	30	72	93	75	15	0	75	0	0	null	null	null	0	2026-07-22T15:16:06Z
2	31	72	93	74	14	0	75	0	0	null	null	null	0	2026-07-22T15:16:07Z
2	32	72	93	74	14	0	75	0	0	null	null	null	0	2026-07-22T15:16:08Z
2	33	72	94	74	14	0	75	0	0	null	null	null	0	2026-07-22T15:16:09Z
2	34	72	94	74	14	0	75	0	0	null	null	null	0	2026-07-22T15:16:10Z
2	35	71	94	75	14	0	75	0	0	null	null	null	0	2026-07-22T15:16:11Z
2	36	70	94	73	14	0	75	0	0	null	null	null	0	2026-07-22T15:16:12Z
2	37	69	94	75	14	0	75	0	0	null	null	null	0	2026-07-22T15:16:13Z
2	38	69	94	75	14	0	75	0	0	null	null	null	0	2026-07-22T15:16:14Z
2	39	70	94	75	15	0	75	0	0	null	null	null	0	2026-07-22T15:16:15Z
2	40	70	93	76	15	0	75	0	0	null	null	null	0	2026-07-22T15:16:16Z
2	41	70	93	76	15	0	75	0	0	null	null	null	0	2026-07-22T15:16:17Z
2	42	72	93	75	15	0	75	0	0	null	null	null	0	2026-07-22T15:16:18Z
2	43	73	92	75	15	0	75	0	0	null	null	null	0	2026-07-22T15:16:19Z
2	44	73	93	75	15	0	75	0	0	null	null	null	0	2026-07-22T15:16:20Z
2	45	73	94	74	15	0	75	0	0	null	null	null	0	2026-07-22T15:16:21Z
2	46	73	94	74	15	0	75	0	0	null	null	null	0	2026-07-22T15:16:22Z
2	47	73	94	75	15	0	75	0	0	null	null	null	0	2026-07-22T15:16:23Z
2	48	73	95	74	15	0	75	0	0	null	null	null	0	2026-07-22T15:16:24Z
2	49	72	94	74	15	0	75	0	0	null	null	null	0	2026-07-22T15:16:25Z
2	50	72	94	74	15	0	75	0	0	null	null	null	0	2026-07-22T15:16:26Z
2	51	73	94	75	15	0	75	0	0	null	null	null	0	2026-07-22T15:16:27Z
2	52	73	93	75	15	0	75	0	0	null	null	null	0	2026-07-22T15:16:28Z
2	53	74	92	74	15	0	75	0	0	null	null	null	0	2026-07-22T15:16:29Z
2	54	73	92	74	15	0	75	0	0	null	null	null	0	2026-07-22T15:16:30Z
2	55	73	92	75	15	0	75	0	0	null	null	null	0	2026-07-22T15:16:31Z
2	56	74	92	75	15	0	75	0	0	null	null	null	0	2026-07-22T15:16:32Z
2	57	75	93	74	15	0	75	0	0	null	null	null	0	2026-07-22T15:16:33Z
2	58	75	93	74	15	0	75	0	0	null	null	null	0	2026-07-22T15:16:34Z
2	59	74	93	74	15	0	75	0	0	null	null	null	0	2026-07-22T15:16:35Z
3	3240	3300	Endurance 23	False	6	76	107	96	97	95	1	0	0
3	3060	3240	Endurance 22	False	16	63	103	87	88	87	2	0	0
3	3000	3060	Endurance 21	False	6	72	109	101	101	101	1	0	0
3	2880	3000	Tempo 2	False	13	74	109	107	107	106	2	0	0
3	2700	2880	Endurance 20	False	17	75	106	96	96	96	3	0	0
3	2580	2700	Tempo 1	False	12	69	104	99	105	100	2	0	0
3	2400	2580	Endurance 19	False	14	79	101	80	80	80	2	0	0
3	2280	2400	Endurance 18	False	12	76	105	98	99	98	2	0	0
3	2100	2280	Endurance 17	False	16	76	104	91	91	91	2	0	0
3	2040	2100	Endurance 16	False	6	79	107	93	94	94	1	0	0
3	1860	2040	Endurance 15	False	16	80	101	92	92	92	2	0	0
3	1800	1860	Endurance 14	False	5	67	96	86	95	86	1	0	0
3	1680	1800	Endurance 13	False	12	69	100	100	101	100	2	0	0
3	1500	1680	Endurance 12	False	16	67	99	88	88	88	2	0	0
3	1440	1500	Endurance 11	False	6	75	100	96	96	95	1	0	0
3	1260	1440	Endurance 10	False	16	77	100	91	91	91	2	0	0
3	1200	1260	Endurance 9	False	6	75	106	100	101	100	1	0	0
3	1080	1200	Endurance 8	False	10	78	99	87	87	87	1	0	0
3	900	1080	Endurance 7	False	17	79	102	94	96	94	2	0	0
3	720	900	Endurance 6	False	16	82	100	91	91	91	2	0	0
3	540	720	Endurance 5	False	16	73	95	91	101	93	2	0	0
3	360	540	Endurance 4	False	15	75	93	81	86	82	2	0	0
3	180	360	Endurance 3	False	17	75	97	93	94	93	2	0	0
3	90	180	Endurance 2	False	7	74	93	80	80	79	1	0	0
3	0	90	Endurance 1	False	6	70	92	69	75	68	1	0	0
3	0	3600	Workout	False	313	75	101	87	89	90	45	0	0
